% DefineColor
% creates a bunch of colors for plotting

function colors = DefineColor()
%% reds
colors(1,:) = [255/255 112/255 112/255];  % light red
colors(2,:) = [255/255  25/255  25/255];  % med red
colors(3,:) = [171/255   0/255   0/255];  % dark red

%% greens
colors(4,:) = [ 98/255 224/255  98/255];  % light green
colors(5,:) = [ 20/255 207/255  20/255];  % med green
colors(6,:) = [  0/255 137/255   0/255];  % dark green

%% blues
colors(7,:) = [ 92/255 163/255 198/255];  % light blue
colors(8,:) = [ 24/255 120/255 167/255];  % medium blue
colors(9,:) = [  4/255  74/255 108/255];  % dark blue

%% oranges
colors(10,:) = [255/255 177/255 112/255];  % light orange
colors(11,:) = [255/255 129/255  25/255];  % med orange
colors(12,:) = [171/255  78/255   0/255];  % dark orange

%% yellows
colors(13,:) = [255/255 254/255 112/255];  % light yellow
colors(14,:) = [255/255 254/255  25/255];  % med yellow
colors(15,:) = [171/255 170/255   0/255];  % dark yellow

%% purples
colors(16,:) = [163/255  95/255 203/255];  % light purple
colors(17,:) = [120/255  26/255 175/255];  % med purple
colors(18,:) = [ 74/255   5/255 114/255];  % dark purple

%% grays
colors(19,:) = [203/255 203/255 203/255];  % light gray
colors(20,:) = [120/255 120/255 120/255];  % med gray
colors(21,:) = [  5/255   5/255   5/255];  % dark gray